!
! initial input file is taken from the Elk code (http://elk.sourceforge.net/)
! some standard atomic weights are updated to match the NIST data (http://www.nist.gov/pml/data/comp.cfm)
! NIST total energies are added (http://www.nist.gov/pml/data/dftdata/index.cfm)
!
! June 2012
!

atom
  1                     : atomic number
 'H' 'hydrogen'         : symbol, name
  1.00794               : standard atomic weight (units of 1/12 carbon-12)
  1.1                   : muffin-tin radius
  1                     : number of occupied states
  1  0  1  1            : n, l, k, occupancy for each state
 -0.445671              : NIST LDA Etot 
 
atom
  2
 'He' 'helium'
  4.002602
  1.2
  1
  1  0  1  2
 -2.834836
 
atom
  3
 'Li' 'lithium'
  6.941
  1.7
  2
  1  0  1  2
  2  0  1  1
 -7.335195

atom
  4
 'Be' 'beryllium'
  9.012182
  1.45
  2
  1  0  1  2
  2  0  1  2
 -14.447209
 
atom
  5
 'B' 'boron'
  10.811
  1.45
  3
  1  0  1  2
  2  0  1  2
  2  1  1  1
 -24.344198
 
atom
  6
 'C' 'carbon'
  12.0107
  1.45
  4
  1  0  1  2
  2  0  1  2
  2  1  1  1
  2  1  2  1
 -37.425749

atom
  7
 'N' 'nitrogen'
  14.0067
  1.45
  4
  1  0  1  2
  2  0  1  2
  2  1  1  1
  2  1  2  2
 -54.025016
 
atom
  8
 'O' 'oxygen'
  15.9994
  1.6
  4
  1  0  1  2
  2  0  1  2
  2  1  1  2
  2  1  2  2
 -74.473077

atom
  9
 'F' 'fluorine'
  18.9984032
  1.5
  4
  1  0  1  2
  2  0  1  2
  2  1  1  2
  2  1  2  3
 -99.099648
 
atom
  10
 'Ne' 'neon'
  20.1797
  1.25
  4
  1  0  1  2
  2  0  1  2
  2  1  1  2
  2  1  2  4
 -128.233481
 
atom
  11
 'Na' 'sodium'
  22.98976928
  2.0
  5
  1  0  1  2
  2  0  1  2
  2  1  1  2
  2  1  2  4
  3  0  1  1
 -161.440060
 
atom
  12
 'Mg' 'magnesium'
  24.3050
  2.0
  5
  1  0  1  2
  2  0  1  2
  2  1  1  2
  2  1  2  4
  3  0  1  2
 -199.139406
 
atom
  13
 'Al' 'aluminium'
  26.9815386
  2.0
  6
  1  0  1  2
  2  0  1  2
  2  1  1  2
  2  1  2  4
  3  0  1  2
  3  1  1  1
 -241.315573
 
atom
  14
 'Si' 'silicon'
  28.0855
  2.0
  7
  1  0  1  2
  2  0  1  2
  2  1  1  2
  2  1  2  4
  3  0  1  2
  3  1  1  1
  3  1  2  1
 -288.198397
 
atom
  15
 'P' 'phosphorus'
  30.973762
  2.0
  7
  1  0  1  2
  2  0  1  2
  2  1  1  2
  2  1  2  4
  3  0  1  2
  3  1  1  1
  3  1  2  2
 -339.946219

atom
  16
 'S' 'sulphur'
  32.065
  1.65
  7
  1  0  1  2
  2  0  1  2
  2  1  1  2
  2  1  2  4
  3  0  1  2
  3  1  1  2
  3  1  2  2
 -396.716081
 
atom
  17
 'Cl' 'chlorine'
  35.453
  1.65
  7
  1  0  1  2
  2  0  1  2
  2  1  1  2
  2  1  2  4
  3  0  1  2
  3  1  1  2
  3  1  2  3
 -458.664179
 
atom
  18
 'Ar' 'argon'
  39.948
  1.65
  7
  1  0  1  2
  2  0  1  2
  2  1  1  2
  2  1  2  4
  3  0  1  2
  3  1  1  2
  3  1  2  4
 -525.946195
 
atom
  19
 'K' 'potassium'
  39.0983
  2.2
  8
  1  0  1  2
  2  0  1  2
  2  1  1  2
  2  1  2  4
  3  0  1  2
  3  1  1  2
  3  1  2  4
  4  0  1  1
 -598.200590
 
atom
  20
 'Ca' 'calcium'
  40.078
  2.2
  8
  1  0  1  2
  2  0  1  2
  2  1  1  2
  2  1  2  4
  3  0  1  2
  3  1  1  2
  3  1  2  4
  4  0  1  2
 -675.742283
 
atom
  21
 'Sc' 'scandium'
  44.955912
  2.0
  9
  1  0  1  2
  2  0  1  2
  2  1  1  2
  2  1  2  4
  3  0  1  2
  3  1  1  2
  3  1  2  4
  3  2  2  1
  4  0  1  2
 -758.679275
 
atom
  22
 'Ti' 'titanium'
  47.867
  2.0
  9
  1  0  1  2
  2  0  1  2
  2  1  1  2
  2  1  2  4
  3  0  1  2
  3  1  1  2
  3  1  2  4
  3  2  2  2
  4  0  1  2
 -847.277216
 
atom
  23
 'V' 'vanadium'
  50.9415
  2.0
  9
  1  0  1  2
  2  0  1  2
  2  1  1  2
  2  1  2  4
  3  0  1  2
  3  1  1  2
  3  1  2  4
  3  2  2  3
  4  0  1  2
 -941.678904
 
atom
  24
 'Cr' 'chromium'
  51.9961
  2.0
  10
  1  0  1  2
  2  0  1  2
  2  1  1  2
  2  1  2  4
  3  0  1  2
  3  1  1  2
  3  1  2  4
  3  2  2  3
  3  2  3  2
  4  0  1  1
 -1042.030238
 
atom
  25
 'Mn' 'manganese'
  54.938045
  2.0
  10
  1  0  1  2
  2  0  1  2
  2  1  1  2
  2  1  2  4
  3  0  1  2
  3  1  1  2
  3  1  2  4
  3  2  2  3
  3  2  3  2
  4  0  1  2
 -1148.449372
 
atom
  26
 'Fe' 'iron'
  55.845
  2.0
  10
  1  0  1  2
  2  0  1  2
  2  1  1  2
  2  1  2  4
  3  0  1  2
  3  1  1  2
  3  1  2  4
  3  2  2  4
  3  2  3  2
  4  0  1  2
 -1261.093056
 
atom
  27
 'Co' 'cobalt'
  58.933195
  2.0
  10
  1  0  1  2
  2  0  1  2
  2  1  1  2
  2  1  2  4
  3  0  1  2
  3  1  1  2
  3  1  2  4
  3  2  2  4
  3  2  3  3
  4  0  1  2
 -1380.091264
 
atom
  28
 'Ni' 'nickel'
  58.6934
  2.0
  10
  1  0  1  2
  2  0  1  2
  2  1  1  2
  2  1  2  4
  3  0  1  2
  3  1  1  2
  3  1  2  4
  3  2  2  4
  3  2  3  4
  4  0  1  2
 -1505.580197
 
atom
  29
 'Cu' 'copper'
  63.546
  2.0
  10
  1  0  1  2
  2  0  1  2
  2  1  1  2
  2  1  2  4
  3  0  1  2
  3  1  1  2
  3  1  2  4
  3  2  2  4
  3  2  3  6
  4  0  1  1
 -1637.785861
 
atom
  30
 'Zn' 'zinc'
  65.38
  2.0
  10
  1  0  1  2
  2  0  1  2
  2  1  1  2
  2  1  2  4
  3  0  1  2
  3  1  1  2
  3  1  2  4
  3  2  2  4
  3  2  3  6
  4  0  1  2
 -1776.573850
 
atom
  31
 'Ga' 'gallium'
  69.723
  2.0
  11
  1  0  1  2
  2  0  1  2
  2  1  1  2
  2  1  2  4
  3  0  1  2
  3  1  1  2
  3  1  2  4
  3  2  2  4
  3  2  3  6
  4  0  1  2
  4  1  1  1
 -1921.846456
 
atom
  32
 'Ge' 'germanium'
  72.64
  2.0
  12
  1  0  1  2
  2  0  1  2
  2  1  1  2
  2  1  2  4
  3  0  1  2
  3  1  1  2
  3  1  2  4
  3  2  2  4
  3  2  3  6
  4  0  1  2
  4  1  1  1
  4  1  2  1
 -2073.807332
 
atom
  33
 'As' 'arsenic'
  74.92160
  2.0
  12
  1  0  1  2
  2  0  1  2
  2  1  1  2
  2  1  2  4
  3  0  1  2
  3  1  1  2
  3  1  2  4
  3  2  2  4
  3  2  3  6
  4  0  1  2
  4  1  1  1
  4  1  2  2
 -2232.534978
 
atom
  34
 'Se' 'selenium'
  78.96
  2.0
  12
  1  0  1  2
  2  0  1  2
  2  1  1  2
  2  1  2  4
  3  0  1  2
  3  1  1  2
  3  1  2  4
  3  2  2  4
  3  2  3  6
  4  0  1  2
  4  1  1  2
  4  1  2  2
 -2398.111440
 
atom
  35
 'Br' 'bromine'
  79.904
  2.0
  12
  1  0  1  2
  2  0  1  2
  2  1  1  2
  2  1  2  4
  3  0  1  2
  3  1  1  2
  3  1  2  4
  3  2  2  4
  3  2  3  6
  4  0  1  2
  4  1  1  2
  4  1  2  3
 -2570.620700
 
atom
  36
 'Kr' 'krypton'
  83.798
  2.0
  12
  1  0  1  2
  2  0  1  2
  2  1  1  2
  2  1  2  4
  3  0  1  2
  3  1  1  2
  3  1  2  4
  3  2  2  4
  3  2  3  6
  4  0  1  2
  4  1  1  2
  4  1  2  4
 -2750.147940
 
atom
  37
 'Rb' 'rubidium'
  85.4678
  2.2
  13
  1  0  1  2
  2  0  1  2
  2  1  1  2
  2  1  2  4
  3  0  1  2
  3  1  1  2
  3  1  2  4
  3  2  2  4
  3  2  3  6
  4  0  1  2
  4  1  1  2
  4  1  2  4
  5  0  1  1
 -2936.337293
 
atom
  38
 'Sr' 'strontium'
  87.62
  2.2
  13
  1  0  1  2
  2  0  1  2
  2  1  1  2
  2  1  2  4
  3  0  1  2
  3  1  1  2
  3  1  2  4
  3  2  2  4
  3  2  3  6
  4  0  1  2
  4  1  1  2
  4  1  2  4
  5  0  1  2
 -3129.453161
 
atom
  39
 'Y' 'yttrium'
  88.90585
  2.2
  14
  1  0  1  2
  2  0  1  2
  2  1  1  2
  2  1  2  4
  3  0  1  2
  3  1  1  2
  3  1  2  4
  3  2  2  4
  3  2  3  6
  4  0  1  2
  4  1  1  2
  4  1  2  4
  4  2  2  1
  5  0  1  2
 -3329.520604

atom
  40
 'Zr' 'zirconium'
  91.224
  2.0
  14
  1  0  1  2
  2  0  1  2
  2  1  1  2
  2  1  2  4
  3  0  1  2
  3  1  1  2
  3  1  2  4
  3  2  2  4
  3  2  3  6
  4  0  1  2
  4  1  1  2
  4  1  2  4
  4  2  2  2
  5  0  1  2
 -3536.737751
 
atom
  41
 'Nb' 'niobium'
  92.90638
  2.0
  15
  1  0  1  2
  2  0  1  2
  2  1  1  2
  2  1  2  4
  3  0  1  2
  3  1  1  2
  3  1  2  4
  3  2  2  4
  3  2  3  6
  4  0  1  2
  4  1  1  2
  4  1  2  4
  4  2  2  3
  4  2  3  1
  5  0  1  1
 -3751.196175
 
atom
  42
 'Mo' 'molybdenum'
  95.96
  2.0
  15
  1  0  1  2
  2  0  1  2
  2  1  1  2
  2  1  2  4
  3  0  1  2
  3  1  1  2
  3  1  2  4
  3  2  2  4
  3  2  3  6
  4  0  1  2
  4  1  1  2
  4  1  2  4
  4  2  2  3
  4  2  3  2
  5  0  1  1
 -3973.013235
 
atom
  43
 'Tc' 'technetium'
  98.0
  2.0
  15
  1  0  1  2
  2  0  1  2
  2  1  1  2
  2  1  2  4
  3  0  1  2
  3  1  1  2
  3  1  2  4
  3  2  2  4
  3  2  3  6
  4  0  1  2
  4  1  1  2
  4  1  2  4
  4  2  2  4
  4  2  3  2
  5  0  1  1
 -4202.188857
 
atom
  44
 'Ru' 'ruthenium'
  101.07
  2.0
  15
  1  0  1  2
  2  0  1  2
  2  1  1  2
  2  1  2  4
  3  0  1  2
  3  1  1  2
  3  1  2  4
  3  2  2  4
  3  2  3  6
  4  0  1  2
  4  1  1  2
  4  1  2  4
  4  2  2  4
  4  2  3  3
  5  0  1  1
 -4438.981228
 
atom
  45
 'Rh' 'rhodium'
  102.90550
  2.0
  15
  1  0  1  2
  2  0  1  2
  2  1  1  2
  2  1  2  4
  3  0  1  2
  3  1  1  2
  3  1  2  4
  3  2  2  4
  3  2  3  6
  4  0  1  2
  4  1  1  2
  4  1  2  4
  4  2  2  4
  4  2  3  4
  5  0  1  1
 -4683.301031
 
atom
  46
 'Pd' 'palladium'
  106.42
  2.0
  14
  1  0  1  2
  2  0  1  2
  2  1  1  2
  2  1  2  4
  3  0  1  2
  3  1  1  2
  3  1  2  4
  3  2  2  4
  3  2  3  6
  4  0  1  2
  4  1  1  2
  4  1  2  4
  4  2  2  4
  4  2  3  6
 -4935.368406
 
atom
  47
 'Ag' 'silver'
  107.8682
  2.0
  15
  1  0  1  2
  2  0  1  2
  2  1  1  2
  2  1  2  4
  3  0  1  2
  3  1  1  2
  3  1  2  4
  3  2  2  4
  3  2  3  6
  4  0  1  2
  4  1  1  2
  4  1  2  4
  4  2  2  4
  4  2  3  6
  5  0  1  1
 -5195.031215
 
atom
  48
 'Cd' 'cadmium'
  112.411
  2.0
  15
  1  0  1  2
  2  0  1  2
  2  1  1  2
  2  1  2  4
  3  0  1  2
  3  1  1  2
  3  1  2  4
  3  2  2  4
  3  2  3  6
  4  0  1  2
  4  1  1  2
  4  1  2  4
  4  2  2  4
  4  2  3  6
  5  0  1  2
-5462.390982

atom
  49
 'In' 'indium'
  114.818
  2.0
  16
  1  0  1  2
  2  0  1  2
  2  1  1  2
  2  1  2  4
  3  0  1  2
  3  1  1  2
  3  1  2  4
  3  2  2  4
  3  2  3  6
  4  0  1  2
  4  1  1  2
  4  1  2  4
  4  2  2  4
  4  2  3  6
  5  0  1  2
  5  1  1  1
 -5737.309064
 
atom
  50
 'Sn' 'tin'
  118.710
  2.0
  17
  1  0  1  2
  2  0  1  2
  2  1  1  2
  2  1  2  4
  3  0  1  2
  3  1  1  2
  3  1  2  4
  3  2  2  4
  3  2  3  6
  4  0  1  2
  4  1  1  2
  4  1  2  4
  4  2  2  4
  4  2  3  6
  5  0  1  2
  5  1  1  1
  5  1  2  1
 -6019.953353
 
atom
  51
 'Sb' 'antimony'
  121.760
  2.0
  17
  1  0  1  2
  2  0  1  2
  2  1  1  2
  2  1  2  4
  3  0  1  2
  3  1  1  2
  3  1  2  4
  3  2  2  4
  3  2  3  6
  4  0  1  2
  4  1  1  2
  4  1  2  4
  4  2  2  4
  4  2  3  6
  5  0  1  2
  5  1  1  1
  5  1  2  2
 -6310.376268
 
atom
  52
 'Te' 'tellurium'
  127.60
  2.0
  17
  1  0  1  2
  2  0  1  2
  2  1  1  2
  2  1  2  4
  3  0  1  2
  3  1  1  2
  3  1  2  4
  3  2  2  4
  3  2  3  6
  4  0  1  2
  4  1  1  2
  4  1  2  4
  4  2  2  4
  4  2  3  6
  5  0  1  2
  5  1  1  2
  5  1  2  2
 -6608.631413
 
atom
  53
 'I' 'iodine'
  126.90447
  2.0
  17
  1  0  1  2
  2  0  1  2
  2  1  1  2
  2  1  2  4
  3  0  1  2
  3  1  1  2
  3  1  2  4
  3  2  2  4
  3  2  3  6
  4  0  1  2
  4  1  1  2
  4  1  2  4
  4  2  2  4
  4  2  3  6
  5  0  1  2
  5  1  1  2
  5  1  2  3
 -6914.773092
 
atom
  54
 'Xe' 'xenon'
  131.293
  2.0
  17
  1  0  1  2
  2  0  1  2
  2  1  1  2
  2  1  2  4
  3  0  1  2
  3  1  1  2
  3  1  2  4
  3  2  2  4
  3  2  3  6
  4  0  1  2
  4  1  1  2
  4  1  2  4
  4  2  2  4
  4  2  3  6
  5  0  1  2
  5  1  1  2
  5  1  2  4
 -7228.856107
 
atom
  55
 'Cs' 'cesium'
  132.9054519
  2.2
  18
  1  0  1  2
  2  0  1  2
  2  1  1  2
  2  1  2  4
  3  0  1  2
  3  1  1  2
  3  1  2  4
  3  2  2  4
  3  2  3  6
  4  0  1  2
  4  1  1  2
  4  1  2  4
  4  2  2  4
  4  2  3  6
  5  0  1  2
  5  1  1  2
  5  1  2  4
  6  0  1  1
 -7550.557710
 
atom
  56
 'Ba' 'barium'
  137.327
  2.2
  18
  1  0  1  2
  2  0  1  2
  2  1  1  2
  2  1  2  4
  3  0  1  2
  3  1  1  2
  3  1  2  4
  3  2  2  4
  3  2  3  6
  4  0  1  2
  4  1  1  2
  4  1  2  4
  4  2  2  4
  4  2  3  6
  5  0  1  2
  5  1  1  2
  5  1  2  4
  6  0  1  2
 -7880.111578
 
atom
  57
 'La' 'lanthanum'
  138.90547
  2.2
  19
  1  0  1  2
  2  0  1  2
  2  1  1  2
  2  1  2  4
  3  0  1  2
  3  1  1  2
  3  1  2  4
  3  2  2  4
  3  2  3  6
  4  0  1  2
  4  1  1  2
  4  1  2  4
  4  2  2  4
  4  2  3  6
  5  0  1  2
  5  1  1  2
  5  1  2  4
  5  2  2  1
  6  0  1  2
 -8217.575230
 
atom
  58
 'Ce' 'cerium'
  140.116
  2.2
  19
  1  0  1  2
  2  0  1  2
  2  1  1  2
  2  1  2  4
  3  0  1  2
  3  1  1  2
  3  1  2  4
  3  2  2  4
  3  2  3  6
  4  0  1  2
  4  1  1  2
  4  1  2  4
  4  2  2  4
  4  2  3  6
  4  3  3  2
  5  0  1  2
  5  1  1  2
  5  1  2  4
  6  0  1  2
 -8563.360285
 
atom
  59
 'Pr' 'praseodymium'
  140.90765
  2.2
  19
  1  0  1  2
  2  0  1  2
  2  1  1  2
  2  1  2  4
  3  0  1  2
  3  1  1  2
  3  1  2  4
  3  2  2  4
  3  2  3  6
  4  0  1  2
  4  1  1  2
  4  1  2  4
  4  2  2  4
  4  2  3  6
  4  3  3  3
  5  0  1  2
  5  1  1  2
  5  1  2  4
  6  0  1  2
 -8917.664369
 
atom
  60
 'Nd' 'neodymium'
  144.242
  2.2
  20
  1  0  1  2
  2  0  1  2
  2  1  1  2
  2  1  2  4
  3  0  1  2
  3  1  1  2
  3  1  2  4
  3  2  2  4
  3  2  3  6
  4  0  1  2
  4  1  1  2
  4  1  2  4
  4  2  2  4
  4  2  3  6
  4  3  3  3
  4  3  4  1
  5  0  1  2
  5  1  1  2
  5  1  2  4
  6  0  1  2
 -9280.311037
 
atom
  61
 'Pm' 'promethium'
  145.0
  2.2
  20
  1  0  1  2
  2  0  1  2
  2  1  1  2
  2  1  2  4
  3  0  1  2
  3  1  1  2
  3  1  2  4
  3  2  2  4
  3  2  3  6
  4  0  1  2
  4  1  1  2
  4  1  2  4
  4  2  2  4
  4  2  3  6
  4  3  3  3
  4  3  4  2
  5  0  1  2
  5  1  1  2
  5  1  2  4
  6  0  1  2
 -9651.484134
 
atom
  62
 'Sm' 'samarium'
  150.36
  2.2
  20
  1  0  1  2
  2  0  1  2
  2  1  1  2
  2  1  2  4
  3  0  1  2
  3  1  1  2
  3  1  2  4
  3  2  2  4
  3  2  3  6
  4  0  1  2
  4  1  1  2
  4  1  2  4
  4  2  2  4
  4  2  3  6
  4  3  3  3
  4  3  4  3
  5  0  1  2
  5  1  1  2
  5  1  2  4
  6  0  1  2
 -10031.259090
 
atom
  63
 'Eu' 'europium'
  151.964
  2.2
  20
  1  0  1  2
  2  0  1  2
  2  1  1  2
  2  1  2  4
  3  0  1  2
  3  1  1  2
  3  1  2  4
  3  2  2  4
  3  2  3  6
  4  0  1  2
  4  1  1  2
  4  1  2  4
  4  2  2  4
  4  2  3  6
  4  3  3  3
  4  3  4  4
  5  0  1  2
  5  1  1  2
  5  1  2  4
  6  0  1  2
 -10419.710775
 
atom
  64
 'Gd' 'gadolinium'
  157.25
  2.2
  21
  1  0  1  2
  2  0  1  2
  2  1  1  2
  2  1  2  4
  3  0  1  2
  3  1  1  2
  3  1  2  4
  3  2  2  4
  3  2  3  6
  4  0  1  2
  4  1  1  2
  4  1  2  4
  4  2  2  4
  4  2  3  6
  4  3  3  3
  4  3  4  4
  5  0  1  2
  5  1  1  2
  5  1  2  4
  5  2  2  1
  6  0  1  2
 -10816.653877
 
atom
  65
 'Tb' 'terbium'
  158.92535
  2.2
  20
  1  0  1  2
  2  0  1  2
  2  1  1  2
  2  1  2  4
  3  0  1  2
  3  1  1  2
  3  1  2  4
  3  2  2  4
  3  2  3  6
  4  0  1  2
  4  1  1  2
  4  1  2  4
  4  2  2  4
  4  2  3  6
  4  3  3  5
  4  3  4  4
  5  0  1  2
  5  1  1  2
  5  1  2  4
  6  0  1  2
 -11222.941975
 
atom
  66
 'Dy' 'dysprosium'
  162.500
  2.2
  20
  1  0  1  2
  2  0  1  2
  2  1  1  2
  2  1  2  4
  3  0  1  2
  3  1  1  2
  3  1  2  4
  3  2  2  4
  3  2  3  6
  4  0  1  2
  4  1  1  2
  4  1  2  4
  4  2  2  4
  4  2  3  6
  4  3  3  6
  4  3  4  4
  5  0  1  2
  5  1  1  2
  5  1  2  4
  6  0  1  2
 -11637.869664
 
atom
  67
 'Ho' 'holmium'
  164.93032
  2.0
  20
  1  0  1  2
  2  0  1  2
  2  1  1  2
  2  1  2  4
  3  0  1  2
  3  1  1  2
  3  1  2  4
  3  2  2  4
  3  2  3  6
  4  0  1  2
  4  1  1  2
  4  1  2  4
  4  2  2  4
  4  2  3  6
  4  3  3  6
  4  3  4  5
  5  0  1  2
  5  1  1  2
  5  1  2  4
  6  0  1  2
 -12061.770549
 
atom
  68
 'Er' 'erbium'
  167.259
  2.0
  20
  1  0  1  2
  2  0  1  2
  2  1  1  2
  2  1  2  4
  3  0  1  2
  3  1  1  2
  3  1  2  4
  3  2  2  4
  3  2  3  6
  4  0  1  2
  4  1  1  2
  4  1  2  4
  4  2  2  4
  4  2  3  6
  4  3  3  6
  4  3  4  6
  5  0  1  2
  5  1  1  2
  5  1  2  4
  6  0  1  2
 -12494.718304
 
atom
  69
 'Tm' 'thulium'
  168.93421
  2.0
  20
  1  0  1  2
  2  0  1  2
  2  1  1  2
  2  1  2  4
  3  0  1  2
  3  1  1  2
  3  1  2  4
  3  2  2  4
  3  2  3  6
  4  0  1  2
  4  1  1  2
  4  1  2  4
  4  2  2  4
  4  2  3  6
  4  3  3  6
  4  3  4  7
  5  0  1  2
  5  1  1  2
  5  1  2  4
  6  0  1  2
 -12936.786494
 
atom
  70
 'Yb' 'ytterbium'
  173.054
  2.2
  20
  1  0  1  2
  2  0  1  2
  2  1  1  2
  2  1  2  4
  3  0  1  2
  3  1  1  2
  3  1  2  4
  3  2  2  4
  3  2  3  6
  4  0  1  2
  4  1  1  2
  4  1  2  4
  4  2  2  4
  4  2  3  6
  4  3  3  6
  4  3  4  8
  5  0  1  2
  5  1  1  2
  5  1  2  4
  6  0  1  2
 -13388.048594
 
atom
  71
 'Lu' 'lutetium'
  174.9668
  2.0
  21
  1  0  1  2
  2  0  1  2
  2  1  1  2
  2  1  2  4
  3  0  1  2
  3  1  1  2
  3  1  2  4
  3  2  2  4
  3  2  3  6
  4  0  1  2
  4  1  1  2
  4  1  2  4
  4  2  2  4
  4  2  3  6
  4  3  3  6
  4  3  4  8
  5  0  1  2
  5  1  1  2
  5  1  2  4
  5  2  2  1
  6  0  1  2
 -13848.230375
 
atom
  72
 'Hf' 'hafnium'
  178.49
  2.0
  21
  1  0  1  2
  2  0  1  2
  2  1  1  2
  2  1  2  4
  3  0  1  2
  3  1  1  2
  3  1  2  4
  3  2  2  4
  3  2  3  6
  4  0  1  2
  4  1  1  2
  4  1  2  4
  4  2  2  4
  4  2  3  6
  4  3  3  6
  4  3  4  8
  5  0  1  2
  5  1  1  2
  5  1  2  4
  5  2  2  2
  6  0  1  2
 -14317.493720
 
atom
  73
 'Ta' 'tantalum'
  180.94788
  2.0
  21
  1  0  1  2
  2  0  1  2
  2  1  1  2
  2  1  2  4
  3  0  1  2
  3  1  1  2
  3  1  2  4
  3  2  2  4
  3  2  3  6
  4  0  1  2
  4  1  1  2
  4  1  2  4
  4  2  2  4
  4  2  3  6
  4  3  3  6
  4  3  4  8
  5  0  1  2
  5  1  1  2
  5  1  2  4
  5  2  2  3
  6  0  1  2
 -14795.884202
 
atom
  74
 'W' 'tungsten'
  183.84
  2.0
  22
  1  0  1  2
  2  0  1  2
  2  1  1  2
  2  1  2  4
  3  0  1  2
  3  1  1  2
  3  1  2  4
  3  2  2  4
  3  2  3  6
  4  0  1  2
  4  1  1  2
  4  1  2  4
  4  2  2  4
  4  2  3  6
  4  3  3  6
  4  3  4  8
  5  0  1  2
  5  1  1  2
  5  1  2  4
  5  2  2  3
  5  2  3  1
  6  0  1  2
 -15283.448822
 
atom
  75
 'Re' 'rhenium'
  186.207
  2.0
  22
  1  0  1  2
  2  0  1  2
  2  1  1  2
  2  1  2  4
  3  0  1  2
  3  1  1  2
  3  1  2  4
  3  2  2  4
  3  2  3  6
  4  0  1  2
  4  1  1  2
  4  1  2  4
  4  2  2  4
  4  2  3  6
  4  3  3  6
  4  3  4  8
  5  0  1  2
  5  1  1  2
  5  1  2  4
  5  2  2  3
  5  2  3  2
  6  0  1  2
 -15780.236024
 
atom
  76
 'Os' 'osmium'
  190.23
  2.0
  22
  1  0  1  2
  2  0  1  2
  2  1  1  2
  2  1  2  4
  3  0  1  2
  3  1  1  2
  3  1  2  4
  3  2  2  4
  3  2  3  6
  4  0  1  2
  4  1  1  2
  4  1  2  4
  4  2  2  4
  4  2  3  6
  4  3  3  6
  4  3  4  8
  5  0  1  2
  5  1  1  2
  5  1  2  4
  5  2  2  4
  5  2  3  2
  6  0  1  2
 -16286.295408
 
atom
  77
 'Ir' 'iridium'
  192.217
  2.0
  22
  1  0  1  2
  2  0  1  2
  2  1  1  2
  2  1  2  4
  3  0  1  2
  3  1  1  2
  3  1  2  4
  3  2  2  4
  3  2  3  6
  4  0  1  2
  4  1  1  2
  4  1  2  4
  4  2  2  4
  4  2  3  6
  4  3  3  6
  4  3  4  8
  5  0  1  2
  5  1  1  2
  5  1  2  4
  5  2  2  4
  5  2  3  3
  6  0  1  2
-16801.677471

atom
  78
 'Pt' 'platinum'
  195.084
  2.0
  22
  1  0  1  2
  2  0  1  2
  2  1  1  2
  2  1  2  4
  3  0  1  2
  3  1  1  2
  3  1  2  4
  3  2  2  4
  3  2  3  6
  4  0  1  2
  4  1  1  2
  4  1  2  4
  4  2  2  4
  4  2  3  6
  4  3  3  6
  4  3  4  8
  5  0  1  2
  5  1  1  2
  5  1  2  4
  5  2  2  4
  5  2  3  5
  6  0  1  1
 -17326.576377
 
atom
  79
 'Au' 'gold'
  196.966569
  2.0
  22
  1  0  1  2
  2  0  1  2
  2  1  1  2
  2  1  2  4
  3  0  1  2
  3  1  1  2
  3  1  2  4
  3  2  2  4
  3  2  3  6
  4  0  1  2
  4  1  1  2
  4  1  2  4
  4  2  2  4
  4  2  3  6
  4  3  3  6
  4  3  4  8
  5  0  1  2
  5  1  1  2
  5  1  2  4
  5  2  2  4
  5  2  3  6
  6  0  1  1
 -17860.790943

atom
  80
 'Hg' 'mercury'
  200.59
  2.0
  22
  1  0  1  2
  2  0  1  2
  2  1  1  2
  2  1  2  4
  3  0  1  2
  3  1  1  2
  3  1  2  4
  3  2  2  4
  3  2  3  6
  4  0  1  2
  4  1  1  2
  4  1  2  4
  4  2  2  4
  4  2  3  6
  4  3  3  6
  4  3  4  8
  5  0  1  2
  5  1  1  2
  5  1  2  4
  5  2  2  4
  5  2  3  6
  6  0  1  2
 -18404.274220

atom
  81
 'Tl' 'thallium'
  204.3833
  2.0
  23
  1  0  1  2
  2  0  1  2
  2  1  1  2
  2  1  2  4
  3  0  1  2
  3  1  1  2
  3  1  2  4
  3  2  2  4
  3  2  3  6
  4  0  1  2
  4  1  1  2
  4  1  2  4
  4  2  2  4
  4  2  3  6
  4  3  3  6
  4  3  4  8
  5  0  1  2
  5  1  1  2
  5  1  2  4
  5  2  2  4
  5  2  3  6
  6  0  1  2
  6  1  1  1
 -18956.957627
 
atom
  82
 'Pb' 'lead'
  207.2
  2.0
  24
  1  0  1  2
  2  0  1  2
  2  1  1  2
  2  1  2  4
  3  0  1  2
  3  1  1  2
  3  1  2  4
  3  2  2  4
  3  2  3  6
  4  0  1  2
  4  1  1  2
  4  1  2  4
  4  2  2  4
  4  2  3  6
  4  3  3  6
  4  3  4  8
  5  0  1  2
  5  1  1  2
  5  1  2  4
  5  2  2  4
  5  2  3  6
  6  0  1  2
  6  1  1  1
  6  1  2  1
 -19518.993145

atom
  83
 'Bi' 'bismuth'
  208.98040
  2.0
  24
  1  0  1  2
  2  0  1  2
  2  1  1  2
  2  1  2  4
  3  0  1  2
  3  1  1  2
  3  1  2  4
  3  2  2  4
  3  2  3  6
  4  0  1  2
  4  1  1  2
  4  1  2  4
  4  2  2  4
  4  2  3  6
  4  3  3  6
  4  3  4  8
  5  0  1  2
  5  1  1  2
  5  1  2  4
  5  2  2  4
  5  2  3  6
  6  0  1  2
  6  1  1  1
  6  1  2  2
 -20090.414449
 
atom
  84
 'Po' 'polonium'
  209.0
  2.0
  24
  1  0  1  2
  2  0  1  2
  2  1  1  2
  2  1  2  4
  3  0  1  2
  3  1  1  2
  3  1  2  4
  3  2  2  4
  3  2  3  6
  4  0  1  2
  4  1  1  2
  4  1  2  4
  4  2  2  4
  4  2  3  6
  4  3  3  6
  4  3  4  8
  5  0  1  2
  5  1  1  2
  5  1  2  4
  5  2  2  4
  5  2  3  6
  6  0  1  2
  6  1  1  2
  6  1  2  2
 -20671.256539
 
atom
  85
 'At' 'astatine'
  210.0
  2.0
  24
  1  0  1  2
  2  0  1  2
  2  1  1  2
  2  1  2  4
  3  0  1  2
  3  1  1  2
  3  1  2  4
  3  2  2  4
  3  2  3  6
  4  0  1  2
  4  1  1  2
  4  1  2  4
  4  2  2  4
  4  2  3  6
  4  3  3  6
  4  3  4  8
  5  0  1  2
  5  1  1  2
  5  1  2  4
  5  2  2  4
  5  2  3  6
  6  0  1  2
  6  1  1  2
  6  1  2  3
 -21261.555215
 
atom
  86
 'Rn' 'radon'
  222.0
  2.0
  24
  1  0  1  2
  2  0  1  2
  2  1  1  2
  2  1  2  4
  3  0  1  2
  3  1  1  2
  3  1  2  4
  3  2  2  4
  3  2  3  6
  4  0  1  2
  4  1  1  2
  4  1  2  4
  4  2  2  4
  4  2  3  6
  4  3  3  6
  4  3  4  8
  5  0  1  2
  5  1  1  2
  5  1  2  4
  5  2  2  4
  5  2  3  6
  6  0  1  2
  6  1  1  2
  6  1  2  4
 -21861.346869
 
atom
  87
 'Fr' 'francium'
  223.0
  2.2
  25
  1  0  1  2
  2  0  1  2
  2  1  1  2
  2  1  2  4
  3  0  1  2
  3  1  1  2
  3  1  2  4
  3  2  2  4
  3  2  3  6
  4  0  1  2
  4  1  1  2
  4  1  2  4
  4  2  2  4
  4  2  3  6
  4  3  3  6
  4  3  4  8
  5  0  1  2
  5  1  1  2
  5  1  2  4
  5  2  2  4
  5  2  3  6
  6  0  1  2
  6  1  1  2
  6  1  2  4
  7  0  1  1
 -22470.319655
 
atom
  88
 'Ra' 'radium'
  226.0
  2.2
  25
  1  0  1  2
  2  0  1  2
  2  1  1  2
  2  1  2  4
  3  0  1  2
  3  1  1  2
  3  1  2  4
  3  2  2  4
  3  2  3  6
  4  0  1  2
  4  1  1  2
  4  1  2  4
  4  2  2  4
  4  2  3  6
  4  3  3  6
  4  3  4  8
  5  0  1  2
  5  1  1  2
  5  1  2  4
  5  2  2  4
  5  2  3  6
  6  0  1  2
  6  1  1  2
  6  1  2  4
  7  0  1  2
 -23088.688083
 
atom
  89
 'Ac' 'actinium'
  227.0
  2.2
  26
  1  0  1  2
  2  0  1  2
  2  1  1  2
  2  1  2  4
  3  0  1  2
  3  1  1  2
  3  1  2  4
  3  2  2  4
  3  2  3  6
  4  0  1  2
  4  1  1  2
  4  1  2  4
  4  2  2  4
  4  2  3  6
  4  3  3  6
  4  3  4  8
  5  0  1  2
  5  1  1  2
  5  1  2  4
  5  2  2  4
  5  2  3  6
  6  0  1  2
  6  1  1  2
  6  1  2  4
  6  2  2  1
  7  0  1  2
 -23716.496952

atom
  90
 'Th' 'thorium'
  232.03806
  2.2
  26
  1  0  1  2
  2  0  1  2
  2  1  1  2
  2  1  2  4
  3  0  1  2
  3  1  1  2
  3  1  2  4
  3  2  2  4
  3  2  3  6
  4  0  1  2
  4  1  1  2
  4  1  2  4
  4  2  2  4
  4  2  3  6
  4  3  3  6
  4  3  4  8
  5  0  1  2
  5  1  1  2
  5  1  2  4
  5  2  2  4
  5  2  3  6
  6  0  1  2
  6  1  1  2
  6  1  2  4
  6  2  2  2
  7  0  1  2
 -24353.832231
 
atom
  91
 'Pa' 'protactinium'
  231.03588
  2.2
  27
  1  0  1  2
  2  0  1  2
  2  1  1  2
  2  1  2  4
  3  0  1  2
  3  1  1  2
  3  1  2  4
  3  2  2  4
  3  2  3  6
  4  0  1  2
  4  1  1  2
  4  1  2  4
  4  2  2  4
  4  2  3  6
  4  3  3  6
  4  3  4  8
  5  0  1  2
  5  1  1  2
  5  1  2  4
  5  2  2  4
  5  2  3  6
  5  3  3  2
  6  0  1  2
  6  1  1  2
  6  1  2  4
  6  2  2  1
  7  0  1  2
 -25001.291382
 
atom
  92
 'U' 'uranium'
  238.02891
  2.0
  27
  1  0  1  2
  2  0  1  2
  2  1  1  2
  2  1  2  4
  3  0  1  2
  3  1  1  2
  3  1  2  4
  3  2  2  4
  3  2  3  6
  4  0  1  2
  4  1  1  2
  4  1  2  4
  4  2  2  4
  4  2  3  6
  4  3  3  6
  4  3  4  8
  5  0  1  2
  5  1  1  2
  5  1  2  4
  5  2  2  4
  5  2  3  6
  5  3  3  3
  6  0  1  2
  6  1  1  2
  6  1  2  4
  6  2  2  1
  7  0  1  2
 -25658.417889
 
atom
  93
 'Np' 'neptunium'
  237.0
  2.2
  28
  1  0  1  2
  2  0  1  2
  2  1  1  2
  2  1  2  4
  3  0  1  2
  3  1  1  2
  3  1  2  4
  3  2  2  4
  3  2  3  6
  4  0  1  2
  4  1  1  2
  4  1  2  4
  4  2  2  4
  4  2  3  6
  4  3  3  6
  4  3  4  8
  5  0  1  2
  5  1  1  2
  5  1  2  4
  5  2  2  4
  5  2  3  6
  5  3  3  3
  5  3  4  1
  6  0  1  2
  6  1  1  2
  6  1  2  4
  6  2  2  1
  7  0  1  2

atom
  94
 'Pu' 'plutonium'
  244.0
  2.2
  27
  1  0  1  2
  2  0  1  2
  2  1  1  2
  2  1  2  4
  3  0  1  2
  3  1  1  2
  3  1  2  4
  3  2  2  4
  3  2  3  6
  4  0  1  2
  4  1  1  2
  4  1  2  4
  4  2  2  4
  4  2  3  6
  4  3  3  6
  4  3  4  8
  5  0  1  2
  5  1  1  2
  5  1  2  4
  5  2  2  4
  5  2  3  6
  5  3  3  3
  5  3  4  3
  6  0  1  2
  6  1  1  2
  6  1  2  4
  7  0  1  2

atom
  95
 'Am' 'americium'
  243.0
  2.2
  27
  1  0  1  2
  2  0  1  2
  2  1  1  2
  2  1  2  4
  3  0  1  2
  3  1  1  2
  3  1  2  4
  3  2  2  4
  3  2  3  6
  4  0  1  2
  4  1  1  2
  4  1  2  4
  4  2  2  4
  4  2  3  6
  4  3  3  6
  4  3  4  8
  5  0  1  2
  5  1  1  2
  5  1  2  4
  5  2  2  4
  5  2  3  6
  5  3  3  3
  5  3  4  4
  6  0  1  2
  6  1  1  2
  6  1  2  4
  7  0  1  2

atom
  96
 'Cm' 'curium'
  247.0
  2.2
  28
  1  0  1  2
  2  0  1  2
  2  1  1  2
  2  1  2  4
  3  0  1  2
  3  1  1  2
  3  1  2  4
  3  2  2  4
  3  2  3  6
  4  0  1  2
  4  1  1  2
  4  1  2  4
  4  2  2  4
  4  2  3  6
  4  3  3  6
  4  3  4  8
  5  0  1  2
  5  1  1  2
  5  1  2  4
  5  2  2  4
  5  2  3  6
  5  3  3  3
  5  3  4  4
  6  0  1  2
  6  1  1  2
  6  1  2  4
  6  2  2  1
  7  0  1  2

atom
  97
 'Bk' 'berkelium'
  247.0
  2.2
  27
  1  0  1  2
  2  0  1  2
  2  1  1  2
  2  1  2  4
  3  0  1  2
  3  1  1  2
  3  1  2  4
  3  2  2  4
  3  2  3  6
  4  0  1  2
  4  1  1  2
  4  1  2  4
  4  2  2  4
  4  2  3  6
  4  3  3  6
  4  3  4  8
  5  0  1  2
  5  1  1  2
  5  1  2  4
  5  2  2  4
  5  2  3  6
  5  3  3  5
  5  3  4  4
  6  0  1  2
  6  1  1  2
  6  1  2  4
  7  0  1  2

atom
  98
 'Cf' 'californium'
  251.0
  2.2
  27
  1  0  1  2
  2  0  1  2
  2  1  1  2
  2  1  2  4
  3  0  1  2
  3  1  1  2
  3  1  2  4
  3  2  2  4
  3  2  3  6
  4  0  1  2
  4  1  1  2
  4  1  2  4
  4  2  2  4
  4  2  3  6
  4  3  3  6
  4  3  4  8
  5  0  1  2
  5  1  1  2
  5  1  2  4
  5  2  2  4
  5  2  3  6
  5  3  3  6
  5  3  4  4
  6  0  1  2
  6  1  1  2
  6  1  2  4
  7  0  1  2

atom
  99
 'Es' 'einsteinium'
  252.0
  2.2
  27
  1  0  1  2
  2  0  1  2
  2  1  1  2
  2  1  2  4
  3  0  1  2
  3  1  1  2
  3  1  2  4
  3  2  2  4
  3  2  3  6
  4  0  1  2
  4  1  1  2
  4  1  2  4
  4  2  2  4
  4  2  3  6
  4  3  3  6
  4  3  4  8
  5  0  1  2
  5  1  1  2
  5  1  2  4
  5  2  2  4
  5  2  3  6
  5  3  3  6
  5  3  4  5
  6  0  1  2
  6  1  1  2
  6  1  2  4
  7  0  1  2

atom
 100
 'Fm' 'fermium'
  257.0
  2.2
  27
  1  0  1  2
  2  0  1  2
  2  1  1  2
  2  1  2  4
  3  0  1  2
  3  1  1  2
  3  1  2  4
  3  2  2  4
  3  2  3  6
  4  0  1  2
  4  1  1  2
  4  1  2  4
  4  2  2  4
  4  2  3  6
  4  3  3  6
  4  3  4  8
  5  0  1  2
  5  1  1  2
  5  1  2  4
  5  2  2  4
  5  2  3  6
  5  3  3  6
  5  3  4  6
  6  0  1  2
  6  1  1  2
  6  1  2  4
  7  0  1  2

atom
 101
 'Md' 'mendelevium'
  258.0
  2.2
  27
  1  0  1  2
  2  0  1  2
  2  1  1  2
  2  1  2  4
  3  0  1  2
  3  1  1  2
  3  1  2  4
  3  2  2  4
  3  2  3  6
  4  0  1  2
  4  1  1  2
  4  1  2  4
  4  2  2  4
  4  2  3  6
  4  3  3  6
  4  3  4  8
  5  0  1  2
  5  1  1  2
  5  1  2  4
  5  2  2  4
  5  2  3  6
  5  3  3  6
  5  3  4  7
  6  0  1  2
  6  1  1  2
  6  1  2  4
  7  0  1  2

atom
 102
 'No' 'nobelium'
  259.0
  2.2
  27
  1  0  1  2
  2  0  1  2
  2  1  1  2
  2  1  2  4
  3  0  1  2
  3  1  1  2
  3  1  2  4
  3  2  2  4
  3  2  3  6
  4  0  1  2
  4  1  1  2
  4  1  2  4
  4  2  2  4
  4  2  3  6
  4  3  3  6
  4  3  4  8
  5  0  1  2
  5  1  1  2
  5  1  2  4
  5  2  2  4
  5  2  3  6
  5  3  3  6
  5  3  4  8
  6  0  1  2
  6  1  1  2
  6  1  2  4
  7  0  1  2

atom
 103
 'Lr' 'lawrencium'
  262.0
  2.2
  28
  1  0  1  2
  2  0  1  2
  2  1  1  2
  2  1  2  4
  3  0  1  2
  3  1  1  2
  3  1  2  4
  3  2  2  4
  3  2  3  6
  4  0  1  2
  4  1  1  2
  4  1  2  4
  4  2  2  4
  4  2  3  6
  4  3  3  6
  4  3  4  8
  5  0  1  2
  5  1  1  2
  5  1  2  4
  5  2  2  4
  5  2  3  6
  5  3  3  6
  5  3  4  8
  6  0  1  2
  6  1  1  2
  6  1  2  4
  6  2  2  1
  7  0  1  2

atom
 104
 'Rf' 'rutherfordium'
  265.0
  2.0
  28
  1  0  1  2
  2  0  1  2
  2  1  1  2
  2  1  2  4
  3  0  1  2
  3  1  1  2
  3  1  2  4
  3  2  2  4
  3  2  3  6
  4  0  1  2
  4  1  1  2
  4  1  2  4
  4  2  2  4
  4  2  3  6
  4  3  3  6
  4  3  4  8
  5  0  1  2
  5  1  1  2
  5  1  2  4
  5  2  2  4
  5  2  3  6
  5  3  3  6
  5  3  4  8
  6  0  1  2
  6  1  1  2
  6  1  2  4
  6  2  2  2
  7  0  1  2

